id	num_minucias	xyt	MCC
1	70	54 187 129 13 67 211 140 22 80 127 28 6 81 165 129 44 81 239 78 44 85 223 62 45 85 415 11 93 88 326 5 83 90 332 95 86 96 168 129 86 97 206 146 22 97 443 101 87 98 248 84 93 105 125 112 41 118 422 11 93 122 279 5 89 124 159 135 42 128 137 123 17 129 237 90 92 131 251 95 89 132 110 90 88 133 363 11 93 134 62 78 8 134 137 129 19 136 180 56 47 140 133 157 43 145 186 67 22 149 99 78 92 149 179 50 47 150 285 101 93 155 262 101 93 158 104 163 87 158 219 101 47 158 359 101 87 161 181 39 46 167 260 11 97 169 331 101 94 175 91 157 92 178 350 11 89 179 272 107 92 180 398 11 86 182 177 129 91 185 284 17 92 191 130 146 89 196 488 11 43 201 227 118 95 205 330 107 91 206 424 101 81 207 294 17 95 214 84 157 84 223 164 140 88 225 139 146 87 236 295 107 93 237 194 135 95 244 87 157 40 251 177 50 86 260 188 140 88 263 390 11 79 267 277 28 98 270 471 11 85 288 114 62 15 288 360 11 81 290 301 17 91 292 180 146 80 296 265 22 90 309 411 11 87 314 218 140 21 314 327 11 91 319 198 56 6 333 380 101 19	NULL
2	80	62 298 22 23 73 342 107 19 74 386 107 86 77 219 17 8 84 279 112 93 88 416 11 44 101 220 107 43 101 356 107 88 107 438 101 45 109 213 11 86 114 247 107 90 115 361 17 88 122 308 17 90 127 125 5 8 129 431 11 82 139 182 101 43 141 472 101 14 143 339 107 92 152 452 11 40 160 248 107 84 161 141 90 86 163 63 90 5 163 183 5 45 167 225 101 93 176 93 174 45 189 352 17 85 190 314 22 86 191 171 90 87 202 412 17 83 208 294 112 93 211 453 11 80 212 490 5 16 214 359 112 91 215 256 101 90 217 134 174 86 219 192 174 91 220 379 22 88 221 271 101 44 222 220 90 93 236 102 84 90 239 281 118 23 241 374 118 87 244 446 11 80 245 397 17 87 248 78 168 88 251 166 78 88 259 245 62 88 261 210 73 91 265 319 129 91 272 113 78 88 272 430 11 83 274 478 0 44 279 51 174 17 284 375 123 42 286 197 157 95 286 252 146 92 291 442 0 84 300 479 90 39 301 270 140 94 304 182 67 94 307 76 78 19 309 380 129 22 315 423 78 20 316 217 152 22 318 400 140 20 320 283 135 92 323 266 50 91 327 115 163 89 330 189 157 94 332 338 135 92 334 439 73 43 335 419 62 39 350 254 146 90 352 367 140 87 357 197 157 89 364 294 140 89 371 423 62 46 386 391 50 18 396 310 50 19 402 235 62 6	NULL
3	36	100 346 5 13 103 273 33 17 108 302 17 7 110 193 22 12 119 278 129 20 122 250 123 41 124 322 90 39 132 214 112 40 136 168 101 15 138 345 90 77 138 412 90 41 141 403 0 43 143 250 129 91 146 264 140 87 149 135 5 6 150 219 118 41 160 203 5 39 163 333 78 86 164 313 73 79 165 226 129 18 177 376 84 84 182 129 0 6 182 417 174 80 186 280 56 88 188 332 73 86 195 173 168 75 202 300 67 73 204 244 140 78 214 444 84 18 215 373 78 80 221 409 84 36 227 318 67 75 231 427 168 19 234 228 146 79 251 393 73 16 273 285 62 14	NULL
4	40	100 258 123 6 102 214 118 7 102 226 22 7 110 310 129 18 114 208 107 17 127 275 129 38 128 368 90 19 129 333 146 44 132 239 112 40 137 348 78 44 145 337 73 44 151 276 135 42 162 191 95 88 162 441 0 14 168 257 168 21 168 395 90 42 171 264 129 42 176 265 152 20 179 236 0 44 181 347 73 41 192 363 78 19 194 301 62 44 197 328 67 85 202 424 90 82 204 381 78 40 207 205 168 22 212 286 152 20 217 305 62 84 220 358 73 86 224 264 62 44 237 420 84 41 241 249 152 91 249 220 67 45 254 227 157 44 273 275 62 41 276 228 67 8 280 222 157 7 288 330 157 8 292 364 73 40 292 400 78 13	NULL
5	66	47 293 28 14 62 353 17 22 65 206 5 7 71 239 112 44 72 400 11 45 73 217 101 46 80 193 5 41 80 311 112 21 84 200 95 21 84 436 11 44 88 318 22 44 91 284 28 90 95 210 95 23 96 161 90 45 102 258 118 80 105 406 11 86 110 350 17 87 122 232 90 42 123 92 84 6 127 252 112 42 129 298 28 84 130 248 101 20 141 331 22 86 141 416 5 87 150 496 90 17 154 395 11 88 165 469 0 84 171 417 5 88 177 265 123 93 185 326 22 87 188 390 11 80 204 353 17 85 205 223 50 86 211 171 157 92 211 505 0 18 217 361 11 87 218 282 129 91 225 106 157 45 232 472 0 85 234 206 146 93 237 231 140 92 238 292 129 93 238 392 5 21 239 317 123 88 240 105 67 15 240 350 22 44 245 95 157 6 260 348 22 44 263 211 146 88 267 261 140 92 277 107 67 6 278 305 135 21 283 160 152 40 292 358 90 42 294 298 140 43 298 233 146 92 302 190 62 42 306 261 146 90 319 427 84 90 321 364 78 44 322 242 56 41 323 197 146 7 323 198 152 7 325 387 168 92 349 401 78 44 353 348 73 8	NULL
6	73	13 350 123 6 16 360 5 7 18 355 28 7 31 350 17 45 32 279 17 21 46 408 95 8 49 257 17 44 57 200 112 46 62 417 0 43 74 358 5 86 88 261 17 84 91 150 28 86 93 176 28 82 96 300 11 88 99 476 84 6 101 81 112 8 108 323 11 85 112 434 0 86 117 162 118 85 120 226 22 94 126 118 112 83 136 258 17 95 139 53 101 43 139 190 28 84 140 340 5 41 157 28 90 44 168 294 11 89 177 113 95 41 181 133 107 42 190 82 84 81 191 131 123 20 196 135 129 20 196 259 17 87 197 463 174 83 206 61 78 82 211 189 123 90 215 297 11 84 215 462 84 78 217 320 5 82 217 348 0 82 222 125 146 81 231 96 152 84 233 216 123 89 236 292 17 42 238 157 135 87 243 259 118 88 250 299 5 20 265 209 135 86 266 141 140 86 271 49 157 81 274 252 135 85 277 470 174 84 277 491 78 14 280 236 135 84 281 271 140 44 281 309 78 45 286 188 140 88 288 106 146 82 292 291 67 44 292 436 78 81 298 77 157 81 310 138 146 86 310 324 73 89 310 392 168 42 312 290 67 87 314 387 78 20 322 257 146 44 323 38 67 7 338 444 84 13 340 273 56 43 345 184 146 45 360 171 56 16 360 266 56 17	NULL
7	67	74 356 5 19 90 269 118 95 91 376 90 47 96 301 123 45 101 406 90 22 103 326 123 47 104 415 0 19 105 158 17 49 106 179 112 44 124 113 107 45 125 363 78 48 130 316 135 46 131 297 129 48 144 193 118 95 145 379 78 95 147 417 90 46 152 441 0 20 161 253 129 92 169 55 5 90 172 93 5 96 172 359 67 89 179 62 95 92 184 209 123 47 184 445 84 21 185 258 140 97 192 233 140 94 195 46 5 88 197 386 78 40 209 204 135 22 215 338 62 20 227 458 78 17 229 56 0 87 229 76 90 90 230 204 152 43 254 191 157 37 255 98 174 93 255 264 56 93 258 128 163 95 263 412 73 95 267 66 84 82 267 261 146 91 270 57 174 77 276 449 78 18 278 301 62 93 281 380 67 89 297 424 73 46 298 320 62 94 305 60 78 40 305 145 67 92 307 156 157 90 313 398 157 88 321 51 168 39 321 441 73 16 322 81 163 40 323 390 67 85 325 361 62 85 331 346 152 88 353 344 62 85 357 320 152 90 357 360 152 43 358 393 67 39 359 116 67 15 359 180 152 43 366 166 62 17 373 239 146 44 375 291 62 40 378 332 62 18	NULL
8	46	33 433 84 8 49 230 0 19 73 198 5 48 78 294 84 45 93 401 90 95 105 414 0 94 107 193 0 94 120 144 107 91 120 337 0 96 133 84 11 6 137 248 0 91 138 462 174 89 139 386 84 97 142 244 84 89 145 169 112 45 155 73 101 19 157 255 84 85 162 123 107 92 164 190 135 22 164 384 174 96 165 217 73 45 169 432 84 95 174 157 118 89 178 174 129 44 179 343 84 97 186 131 107 87 187 52 5 15 188 388 84 46 196 385 174 48 197 158 123 45 200 226 73 91 206 425 174 98 216 197 56 92 220 150 152 22 229 240 73 93 231 139 174 45 247 164 152 43 257 184 62 86 257 358 78 98 265 241 73 42 266 312 78 91 279 392 168 99 290 418 78 97 294 274 73 42 310 338 78 96 321 204 67 7	NULL
9	67	42 330 73 45 58 306 56 89 59 246 129 46 68 359 73 88 77 207 129 92 78 332 67 87 80 236 135 89 83 371 78 88 89 355 163 87 91 407 78 80 93 205 39 92 95 170 123 90 95 423 168 84 99 271 140 84 112 473 78 13 123 201 129 90 123 359 73 86 128 385 73 85 130 347 163 86 132 322 67 85 139 407 78 84 148 244 140 84 152 71 95 20 157 340 67 88 158 153 123 88 159 462 78 44 161 196 140 90 176 165 135 43 179 475 168 16 180 234 50 85 180 425 78 83 181 146 135 20 182 378 67 87 184 267 146 86 186 186 50 88 188 140 168 20 199 349 67 88 200 36 0 13 201 188 146 88 202 399 73 84 204 145 152 43 206 361 157 86 210 169 152 43 218 419 73 87 221 101 168 87 227 143 157 84 233 202 152 84 237 63 168 45 239 77 168 93 240 339 62 89 247 75 78 82 248 166 62 88 252 157 157 88 253 118 163 89 256 131 67 89 258 253 62 82 258 422 163 86 270 98 163 90 280 341 67 87 283 309 152 89 293 134 157 87 295 242 152 83 303 322 67 88 306 108 67 12 306 436 73 6 333 198 62 14 338 239 62 14	NULL
10	59	49 317 174 20 67 275 174 86 73 389 84 90 74 321 84 91 75 433 174 6 88 177 112 44 90 259 174 38 97 411 174 91 98 255 78 40 98 417 84 88 99 213 123 40 103 235 67 23 111 175 118 43 114 426 174 86 117 201 129 82 118 288 84 83 119 461 174 15 122 381 84 44 134 254 73 86 135 370 174 43 140 233 62 43 141 140 118 83 141 160 123 79 148 435 84 81 158 473 174 16 160 384 84 88 162 406 174 89 167 298 78 92 168 271 78 46 176 165 135 45 177 281 168 91 179 324 84 92 184 258 73 48 203 190 50 94 205 141 129 89 205 282 78 93 207 91 107 22 208 409 84 79 212 240 157 94 227 180 146 20 230 362 174 88 232 126 11 44 233 214 62 90 233 434 174 40 236 297 78 20 237 144 140 20 243 406 78 81 248 291 163 43 250 316 78 43 258 224 62 21 263 249 67 84 264 138 157 45 268 431 78 86 274 334 73 20 280 269 67 89 298 307 67 89 315 341 67 43 317 189 56 7 336 281 62 14	NULL
